Random Forest:
Model Random Forst 193 Pearson Correlation features : 
Parameters: n_estimator =  500 , max_depth =  20 , min_samples_leaf =  30

TEST1:

             precision    recall  f1-score   support

          0       0.14      0.27      0.19        99
          1       0.00      0.00      0.00        14
          2       0.27      0.51      0.35        97
          3       0.88      0.20      0.33        70
          4       0.15      0.21      0.18        84
          5       0.12      0.08      0.10        95
          6       0.00      0.00      0.00         4
          7       0.26      0.30      0.28       106
          8       0.50      0.01      0.02        86
          9       0.24      0.14      0.18       100

avg / total       0.29      0.22      0.20       755

Accuracy of test:  0.21589403973509932
End of RF Fitting (Elapsed time) 00:04:29

TEST 2:

             precision    recall  f1-score   support

          0       0.09      0.14      0.11        99
          1       0.00      0.00      0.00        18
          2       0.19      0.26      0.22        99
          3       1.00      0.12      0.22        64
          4       0.28      0.46      0.35        72
          5       0.20      0.13      0.16        99
          6       0.00      0.00      0.00         2
          7       0.25      0.45      0.32       101
          8       1.00      0.01      0.02        91
          9       0.17      0.13      0.15       100

avg / total       0.36      0.21      0.18       745

Accuracy of test:  0.20536912751677852
End of RF Fitting (Elapsed time) 00:04:34


TEST3:
             precision    recall  f1-score   support

          0       0.30      0.09      0.14       100
          1       0.00      0.00      0.00        23
          2       0.15      0.25      0.18        99
          3       0.20      0.73      0.32        73
          4       0.68      0.26      0.37        90
          5       0.26      0.16      0.19       103
          7       0.28      0.15      0.19       109
          8       0.21      0.25      0.23       118
          9       0.12      0.08      0.10       100

avg / total       0.26      0.22      0.20       815

Accuracy of test:  0.2196319018404908
End of RF Fitting (Elapsed time) 00:04:34

TEST4:


          0       0.24      0.08      0.12       100
          1       0.00      0.00      0.00        38
          2       0.12      0.22      0.16        98
          3       0.15      0.80      0.25        66
          4       0.62      0.22      0.33        91
          5       0.25      0.07      0.11       104
          6       0.00      0.00      0.00         5
          7       0.13      0.10      0.12        67
          8       0.10      0.03      0.05       158
          9       0.09      0.08      0.08       100

avg / total       0.20      0.16      0.13       827

Accuracy of test:  0.15719467956469166
End of RF Fitting (Elapsed time) 00:04:25

TEST5:

          0       0.15      0.26      0.19        99
          1       0.00      0.00      0.00        76
          2       0.14      0.16      0.15        97
          3       0.39      0.21      0.28        71
          4       0.19      0.48      0.27        67
          5       0.25      0.22      0.23       101
          6       0.00      0.00      0.00         1
          7       0.17      0.22      0.19       108
          8       0.08      0.01      0.02        68
          9       0.15      0.07      0.10       100

avg / total       0.17      0.18      0.16       788

Accuracy of test:  0.1814720812182741
End of RF Fitting (Elapsed time) 00:04:28


TEST6:
             precision    recall  f1-score   support

          0       0.13      0.14      0.14       100
          1       0.00      0.00      0.00        10
          2       0.27      0.58      0.36        98
          3       0.30      0.28      0.29        67
          4       0.52      0.29      0.37        83
          5       0.18      0.08      0.12       107
          7       0.21      0.28      0.24        68
          8       0.00      0.00      0.00        73
          9       0.20      0.25      0.22       100

avg / total       0.22      0.24      0.21       706

Accuracy of test:  0.23654390934844194
End of RF Fitting (Elapsed time) 00:04:25

TEST7:
             precision    recall  f1-score   support

          0       0.12      0.17      0.14       100
          1       0.00      0.00      0.00         7
          2       0.30      0.28      0.29        99
          3       1.00      0.39      0.56        79
          4       0.19      0.18      0.19        98
          5       0.17      0.11      0.13       104
          6       0.00      0.00      0.00        13
          7       0.11      0.41      0.18        61
          8       0.00      0.00      0.00        72
          9       0.28      0.25      0.26       100

avg / total       0.26      0.21      0.21       733

Accuracy of test:  0.21145975443383355
End of RF Fitting (Elapsed time) 00:04:18



TEST8:

             precision    recall  f1-score   support

          0       0.22      0.48      0.30       100
          1       0.00      0.00      0.00        10
          2       0.09      0.09      0.09        99
          3       0.17      0.03      0.05        69
          4       0.17      0.15      0.16        80
          5       0.10      0.14      0.11        81
          6       0.00      0.00      0.00         2
          7       0.19      0.27      0.22        64
          8       0.00      0.00      0.00        79
          9       0.25      0.18      0.21       100

avg / total       0.15      0.17      0.14       684

Accuracy of test:  0.17105263157894737
End of RF Fitting (Elapsed time) 00:04:31

TEST9:

             precision    recall  f1-score   support

          0       0.03      0.04      0.03       100
          1       0.00      0.00      0.00         7
          2       0.24      0.67      0.36        96
          3       0.41      0.41      0.41        71
          4       0.35      0.33      0.34        81
          5       0.10      0.06      0.07        89
          6       0.00      0.00      0.00         5
          7       0.42      0.17      0.25        80
          8       0.00      0.00      0.00        79
          9       0.14      0.11      0.12       100

avg / total       0.20      0.22      0.19       708

Accuracy of test:  0.2175141242937853
End of RF Fitting (Elapsed time) 00:04:34
