
Linear SVC

Parameter:clf = LinearSVC(C=0.01,verbose=1,max_iter=3000)

TEST1:
             precision    recall  f1-score   support

          0       0.10      0.18      0.13        99
          1       0.00      0.00      0.00        14
          2       0.15      0.14      0.15        97
          3       0.33      0.24      0.28        70
          4       0.14      0.26      0.18        84
          5       0.13      0.14      0.14        95
          6       0.00      0.00      0.00         4
          7       0.25      0.19      0.22       106
          8       0.17      0.03      0.06        86
          9       0.12      0.10      0.11       100

avg / total       0.17      0.15      0.15       755

Accuracy of test:  15.496688741721854
[LibLinear]End of SVM Fitting (Elapsed time) 00:00:01

TEST2:
             precision    recall  f1-score   support

          0       0.14      0.13      0.13        99
          1       0.00      0.00      0.00        18
          2       0.27      0.22      0.24        99
          3       0.15      0.09      0.12        64
          4       0.21      0.61      0.31        72
          5       0.07      0.05      0.06        99
          6       0.00      0.00      0.00         2
          7       0.21      0.27      0.23       101
          8       0.13      0.07      0.09        91
          9       0.10      0.07      0.08       100

avg / total       0.15      0.17      0.15       745

Accuracy of test:  17.449664429530202
End of SVM Fitting (Elapsed time) 00:00:01


TEST3:
             precision    recall  f1-score   support

          0       0.23      0.12      0.16       100
          1       0.00      0.00      0.00        23
          2       0.03      0.01      0.01        99
          3       0.19      0.49      0.28        73
          4       0.39      0.21      0.27        90
          5       0.30      0.17      0.21       103
          7       0.23      0.11      0.15       109
          8       0.22      0.63      0.32       118
          9       0.00      0.00      0.00       100

avg / total       0.19      0.21      0.17       815

Accuracy of test:  20.98159509202454
End of SVM Fitting (Elapsed time) 00:00:01

TEST4:

             precision    recall  f1-score   support

          0       0.32      0.12      0.17       100
          1       0.00      0.00      0.00        38
          2       0.08      0.05      0.06        98
          3       0.12      0.67      0.21        66
          4       0.37      0.15      0.22        91
          5       0.20      0.08      0.11       104
          6       0.00      0.00      0.00         5
          7       0.17      0.30      0.21        67
          8       0.08      0.02      0.03       158
          9       0.11      0.14      0.12       100

avg / total       0.16      0.15      0.12       827

Accuracy of test:  14.510278113663846
End of SVM Fitting (Elapsed time) 00:00:01

TEST5:

             precision    recall  f1-score   support

          0       0.12      0.21      0.15        99
          1       0.00      0.00      0.00        76
          2       0.12      0.09      0.10        97
          3       0.21      0.13      0.16        71
          4       0.13      0.42      0.20        67
          5       0.10      0.08      0.09       101
          6       0.00      0.00      0.00         1
          7       0.18      0.20      0.19       108
          8       0.15      0.04      0.07        68
          9       0.11      0.06      0.08       100

avg / total       0.12      0.13      0.12       788

Accuracy of test:  13.451776649746192
End of SVM Fitting (Elapsed time) 00:00:01

TEST6:

             precision    recall  f1-score   support

          0       0.09      0.09      0.09       100
          1       0.00      0.00      0.00        10
          2       0.17      0.14      0.15        98
          3       0.16      0.28      0.21        67
          4       0.28      0.34      0.31        83
          5       0.18      0.08      0.12       107
          7       0.23      0.24      0.23        68
          8       0.12      0.07      0.09        73
          9       0.14      0.20      0.16       100

avg / total       0.17      0.17      0.16       706

Accuracy of test:  16.997167138810198
End of SVM Fitting (Elapsed time) 00:00:01

TEST7:

             precision    recall  f1-score   support

          0       0.11      0.17      0.13       100
          1       0.00      0.00      0.00         7
          2       0.19      0.09      0.12        99
          3       0.32      0.28      0.30        79
          4       0.16      0.20      0.18        98
          5       0.24      0.20      0.22       104
          6       0.00      0.00      0.00        13
          7       0.07      0.16      0.10        61
          8       0.08      0.06      0.07        72
          9       0.14      0.07      0.09       100

avg / total       0.16      0.15      0.15       733

Accuracy of test:  15.006821282401091
End of SVM Fitting (Elapsed time) 00:00:01

TEST8:

             precision    recall  f1-score   support

          0       0.18      0.36      0.24       100
          1       0.00      0.00      0.00        10
          2       0.15      0.10      0.12        99
          3       0.09      0.04      0.06        69
          4       0.20      0.21      0.21        80
          5       0.10      0.14      0.12        81
          6       0.00      0.00      0.00         2
          7       0.13      0.12      0.13        64
          8       0.04      0.01      0.02        79
          9       0.19      0.22      0.21       100

avg / total       0.14      0.16      0.14       684

Accuracy of test:  15.789473684210526
End of SVM Fitting (Elapsed time) 00:00:01


TEST9:
             precision    recall  f1-score   support

          0       0.05      0.06      0.06       100
          1       0.00      0.00      0.00         7
          2       0.17      0.31      0.22        96
          3       0.20      0.32      0.25        71
          4       0.20      0.23      0.21        81
          5       0.14      0.07      0.09        89
          6       0.00      0.00      0.00         5
          7       0.31      0.16      0.21        80
          8       0.05      0.04      0.04        79
          9       0.18      0.10      0.13       100

avg / total       0.16      0.16      0.15       708

Accuracy of test:  15.53672316384181

End of SVM Fitting (Elapsed time) 00:00:01

TEST10:

             precision    recall  f1-score   support

          0       0.17      0.12      0.14       100
          1       0.00      0.00      0.00        17
          2       0.21      0.24      0.23        99
          3       0.47      0.33      0.39        70
          4       0.14      0.21      0.17        84
          5       0.18      0.12      0.15        90
          6       0.00      0.00      0.00         2
          7       0.12      0.19      0.15        78
          8       0.15      0.14      0.15        77
          9       0.10      0.10      0.10       100

avg / total       0.18      0.17      0.17       717

Accuracy of test:  17.294281729428175
End of SVM Fitting (Elapsed time) 00:00:01