Random Forest
Model Random Forst 193 domain features : 
Parameters: n_estimator =  500 , max_depth =  20 , min_samples_leaf =  30

test1:
         precision    recall  f1-score   support

          0       0.31      0.20      0.24       100
          1       0.85      0.78      0.81        36
          2       0.49      0.69      0.58       100
          3       0.60      0.63      0.61       100
          4       0.47      0.63      0.54       100
          5       0.41      0.43      0.42        96
          6       1.00      0.17      0.29        35
          7       0.77      0.56      0.65       120
          8       0.73      0.77      0.75        86
          9       0.55      0.64      0.59       100

avg / total       0.58      0.56      0.55       873

Accuracy of test:  0.5578465063001146

TEST2:
             precision    recall  f1-score   support

          0       0.62      0.41      0.49       100
          1       0.68      0.36      0.47        42
          2       0.46      0.78      0.58       100
          3       0.79      0.74      0.76       100
          4       0.66      0.61      0.64       100
          5       0.36      0.60      0.45       100
          6       0.91      0.86      0.88        35
          7       0.49      0.17      0.26       120
          8       0.58      0.49      0.54        91
          9       0.51      0.65      0.57       100

avg / total       0.58      0.55      0.54       888

Accuracy of test:  0.5518018018018018

End of RF Fitting (Elapsed time) 00:04:54



TEST3: 
End of RF Fitting (Elapsed time) 00:05:01

             precision    recall  f1-score   support

          0       0.14      0.05      0.07       100
          1       0.91      0.93      0.92        43
          2       0.34      0.57      0.42       100
          3       0.55      0.62      0.58       100
          4       0.82      0.51      0.63       100
          5       0.35      0.22      0.27       107
          6       0.89      0.86      0.87        36
          7       0.46      0.83      0.59       120
          8       0.79      0.55      0.65       119
          9       0.49      0.46      0.47       100

avg / total       0.53      0.52      0.50       925

Accuracy of test:  0.5210810810810811


TEST4:
             precision    recall  f1-score   support

          0       0.67      0.39      0.49       100
          1       0.97      0.49      0.65        59
          2       0.40      0.59      0.47       100
          3       0.53      0.68      0.59       100
          4       0.51      0.63      0.56       100
          5       0.54      0.62      0.58       107
          6       0.86      0.66      0.75        38
          7       0.64      0.59      0.61       120
          8       0.74      0.56      0.64       166
          9       0.53      0.60      0.56       100

avg / total       0.62      0.58      0.58       990

Accuracy of test:  0.5787878787878787

End of RF Fitting (Elapsed time) 00:05:19


TEST5:
             precision    recall  f1-score   support

          0       0.20      0.12      0.15       100
          1       0.95      0.57      0.71        98
          2       0.59      0.55      0.57       100
          3       0.55      0.62      0.58       100
          4       0.58      0.49      0.53       100
          5       0.70      0.41      0.52       107
          6       0.95      0.93      0.94        40
          7       0.52      0.92      0.67       120
          8       0.44      0.48      0.46        71
          9       0.58      0.81      0.67       100

avg / total       0.59      0.58      0.56       936

Accuracy of test:  0.5769230769230769
End of RF Fitting (Elapsed time) 00:05:06

TEST6:

             precision    recall  f1-score   support

          0       0.09      0.08      0.09       100
          1       0.79      0.54      0.64        28
          2       0.56      0.63      0.59       100
          3       0.80      0.55      0.65       100
          4       0.72      0.72      0.72       100
          5       0.48      0.23      0.31       107
          6       0.89      0.72      0.80        46
          7       0.44      0.71      0.54        68
          8       0.71      0.64      0.67        74
          9       0.42      0.71      0.53       100

avg / total       0.55      0.53      0.52       823

Accuracy of test:  0.5309842041312273
End of RF Fitting (Elapsed time) 00:05:11


TEST7:

             precision    recall  f1-score   support

          0       0.67      0.63      0.65       100
          1       0.58      0.39      0.47        28
          2       0.50      0.77      0.61       100
          3       0.73      0.83      0.78       100
          4       0.52      0.43      0.47       100
          5       0.73      0.42      0.54       106
          6       1.00      0.78      0.88        51
          7       0.58      0.66      0.62        76
          8       0.73      0.47      0.57        77
          9       0.54      0.75      0.63       100

avg / total       0.65      0.62      0.62       838

Accuracy of test:  0.6241050119331742
End of RF Fitting (Elapsed time) 00:05:04

TEST8:

             precision    recall  f1-score   support

          0       0.57      0.23      0.33       100
          1       1.00      0.97      0.98        30
          2       0.55      0.64      0.59       100
          3       0.65      0.64      0.64       100
          4       0.79      0.83      0.81       100
          5       0.56      0.65      0.60        88
          6       0.77      0.57      0.65        30
          7       0.63      0.85      0.73        78
          8       0.73      0.88      0.80        80
          9       0.66      0.61      0.63       100

avg / total       0.66      0.66      0.65       806

Accuracy of test:  0.6625310173697271
End of RF Fitting (Elapsed time) 00:05:09


TEST9:

             precision    recall  f1-score   support

          0       0.50      0.21      0.30       100
          1       0.96      0.81      0.88        32
          2       0.44      0.67      0.53       100
          3       0.82      0.58      0.68       100
          4       0.37      0.43      0.40       100
          5       0.88      0.82      0.85        89
          6       0.89      0.55      0.68        31
          7       0.54      0.61      0.57        82
          8       0.77      0.93      0.84        82
          9       0.62      0.70      0.66       100

avg / total       0.64      0.61      0.61       816

Accuracy of test:  0.6139705882352942
End of RF Fitting (Elapsed time) 00:05:07


TEST10:
             precision    recall  f1-score   support

          0       0.85      0.77      0.81       100
          1       0.82      0.70      0.75        33
          2       0.50      0.82      0.62       100
          3       0.71      0.55      0.62       100
          4       0.39      0.46      0.42       100
          5       0.79      0.73      0.76        93
          6       1.00      0.62      0.77        32
          7       0.63      0.47      0.54        96
          8       0.60      0.37      0.46        83
          9       0.51      0.66      0.58       100

avg / total       0.64      0.61      0.61       837

Accuracy of test:  0.6129032258064516
End of RF Fitting (Elapsed time) 00:04:54







